2
22
224
226
2264
23
234
236
2364
24
242
2424
2426
24264
243
2436
24364
244
246
2464
24664
2468
248
2482
24824
24826
248264
2484
2486
26
264
2664
268
28
2826
284
286
3
32
324
326
3264
33
334
336
3364
34
342
3426
343
3464
348
36
364
3664
368
37
38
3826
384
386
42
424
426
4264
43
434
436
4364
4664
468
48
482
4824
4826
48264
484
486
52
524
526
5264
53
534
536
5364
54
542
5426
54264
543
546
5464
54664
548
5664
568
58
582
5824
5826
58264
583
584
586
6
62
624
626
6264
63
634
636
6364
64
6426
64264
643
646
6464
648
66
6664
668
68
6826
683
686
72
724
726
7264
73
734
736
7364
74
742
7424
7426
74264
743
7434
7436
74364
744
746
7464
74664
7468
748
7482
74824
74826
748264
7484
7486
76
7664
768
78
7826
783
784
786
82
824
826
8264
83
8364
84
8426
843
8464
8664
868
88
8826
884
886
92
924
926
9264
93
934
936
9364
94
942
9424
9426
94264
943
9434
9436
94364
944
946
9464
94664
9468
948
9482
94824
94826
948264
9484
9486
96
9664
968
98
9826
983
984
986